# ssp_original : /home/psakicki/CODES/acoustyx_toolbox_2_py3//exemple/input_data_for_simulation/SSP/SSP_NOAA_dep5645_20030608000000
0.000000000000000000e+00
5.959999999999999964e+00
1.192999999999999972e+01
1.789000000000000057e+01
2.385999999999999943e+01
2.982000000000000028e+01
3.578000000000000114e+01
4.175000000000000000e+01
4.771000000000000085e+01
5.367000000000000171e+01
5.964000000000000057e+01
6.559999999999999432e+01
7.156000000000000227e+01
7.753000000000000114e+01
8.348999999999999488e+01
8.945000000000000284e+01
9.540999999999999659e+01
1.212399999999999949e+02
1.470699999999999932e+02
1.729000000000000057e+02
1.987199999999999989e+02
2.245399999999999920e+02
2.503600000000000136e+02
2.761700000000000159e+02
3.019900000000000091e+02
3.277900000000000205e+02
3.536000000000000227e+02
3.793999999999999773e+02
4.051899999999999977e+02
4.309900000000000091e+02
4.567799999999999727e+02
4.825699999999999932e+02
5.331399999999999864e+02
5.837000000000000455e+02
6.342500000000000000e+02
6.847899999999999636e+02
7.353200000000000500e+02
7.858300000000000409e+02
8.363300000000000409e+02
8.868200000000000500e+02
9.372899999999999636e+02
9.877599999999999909e+02
1.038210000000000036e+03
1.088650000000000091e+03
1.139079999999999927e+03
1.189490000000000009e+03
1.239890000000000100e+03
1.290279999999999973e+03
1.340660000000000082e+03
1.391029999999999973e+03
1.441390000000000100e+03
1.491730000000000018e+03
1.542059999999999945e+03
1.592380000000000109e+03
1.642680000000000064e+03
1.692980000000000018e+03
1.743259999999999991e+03
1.793529999999999973e+03
1.843789999999999964e+03
1.894039999999999964e+03
1.944279999999999973e+03
1.994500000000000000e+03
2.094909999999999854e+03
2.195280000000000200e+03
2.295590000000000146e+03
2.395860000000000127e+03
2.496090000000000146e+03
2.596260000000000218e+03
2.696389999999999873e+03
2.796480000000000018e+03
2.896519999999999982e+03
2.997489999999999782e+03
3.098409999999999854e+03
3.199289999999999964e+03
3.300130000000000109e+03
3.400909999999999854e+03
3.501650000000000091e+03
3.602340000000000146e+03
3.702989999999999782e+03
3.803590000000000146e+03
3.904150000000000091e+03
4.004659999999999854e+03
4.105119999999999891e+03
4.205539999999999964e+03
4.305920000000000073e+03
4.406239999999999782e+03
4.506529999999999745e+03
4.606770000000000437e+03
4.706960000000000036e+03
4.807109999999999673e+03
4.907220000000000255e+03
5.007279999999999745e+03
5.107300000000000182e+03
5.208239999999999782e+03
5.309140000000000327e+03
5.409989999999999782e+03
5.510800000000000182e+03
5.611569999999999709e+03
