# ssp_original : /home/psakicki/CODES/acoustyx_toolbox_2_py3//exemple/input_data_for_simulation/SSP/SSP_NOAA_dep5645_20030608000000
1.540508880457142595e+03
1.540600003181197962e+03
1.540709065541395375e+03
1.540813148248185371e+03
1.541227515520120505e+03
1.541361983157503573e+03
1.541420873394391492e+03
1.541446492711386099e+03
1.541270297799578884e+03
1.541112923285895704e+03
1.540987204558522762e+03
1.540845574959842679e+03
1.541170084716986594e+03
1.540797933517586671e+03
1.540450562447387711e+03
1.539613851727888687e+03
1.539078582409495766e+03
1.537849310552536508e+03
1.534579435111613293e+03
1.526543697258291331e+03
1.523581940171104179e+03
1.521468422111683140e+03
1.519151275803357976e+03
1.516934134247397196e+03
1.513185888950001754e+03
1.509158047370233817e+03
1.505637826255733444e+03
1.501368293000818767e+03
1.501521436975589268e+03
1.501030387078582862e+03
1.501677577305380737e+03
1.499729647413585326e+03
1.496102849501862920e+03
1.495840082922452893e+03
1.493575072089037803e+03
1.489237084193896180e+03
1.489935989685066943e+03
1.487307844096898862e+03
1.488056594723757598e+03
1.489282176629280684e+03
1.489907995700217953e+03
1.490251156338047849e+03
1.490626612048155266e+03
1.491309897917969920e+03
1.492019093886808832e+03
1.492030192728036582e+03
1.492426282111888895e+03
1.492628205088501090e+03
1.492688113191151388e+03
1.492967260159208763e+03
1.493117819746241139e+03
1.493290139064986761e+03
1.493678026735711455e+03
1.493938430938921101e+03
1.494256150753527891e+03
1.494695065462423145e+03
1.495125656703771256e+03
1.495588941790541412e+03
1.496184232606742171e+03
1.496786617780837787e+03
1.497392269851213541e+03
1.498036977881684379e+03
1.499181494734409625e+03
1.500447483933785634e+03
1.501616883637133469e+03
1.502816236274926041e+03
1.503871475551265348e+03
1.505168291431137504e+03
1.506527256883357950e+03
1.507921903393550110e+03
1.509260920933166972e+03
1.510671459298731861e+03
1.512133594134299983e+03
1.513712193098089529e+03
1.515364238045121738e+03
1.516849236213474796e+03
1.518448958708981309e+03
1.520076611859067270e+03
1.521724707375103435e+03
1.523384174245183431e+03
1.525095005407700228e+03
1.526804271323559760e+03
1.528505408180605173e+03
1.530223427539548766e+03
1.531952277712768591e+03
1.533651003249800851e+03
1.535301704081162370e+03
1.536998845566859245e+03
1.538626081126003328e+03
1.540135179517975985e+03
1.541594638358223619e+03
1.543173349200424354e+03
1.544835933573279362e+03
1.546579040481512038e+03
1.548376519156130826e+03
1.550159296750259500e+03
1.551983584177572084e+03
1.553799565865633213e+03
