#  epoch : 0
#  N : 0
#  date : 2005-08-27 00:00:00
#  Lat : 16.108
#  Long : -58.7845001
#  max depth : 5781.02
# decimated 2015-10-01 18:08:23.057755
# 
9.899999999999999911e-01 1.543203067437234267e+03
5.959999999999999964e+00 1.543278565235197902e+03
1.092999999999999972e+01 1.543313756737825770e+03
1.591000000000000014e+01 1.543838386209247119e+03
2.087999999999999901e+01 1.544566079139536441e+03
2.585000000000000142e+01 1.544873035783651858e+03
3.080999999999999872e+01 1.544970399871641575e+03
3.578000000000000114e+01 1.545023800461965266e+03
4.075000000000000000e+01 1.545528724750531865e+03
4.571999999999999886e+01 1.544935597844112181e+03
5.068999999999999773e+01 1.544444872733668262e+03
5.565999999999999659e+01 1.543977076439503207e+03
6.063000000000000256e+01 1.543754125922337380e+03
6.559999999999999432e+01 1.543061040173275160e+03
7.056999999999999318e+01 1.542045324708799171e+03
7.554000000000000625e+01 1.541614853502856249e+03
8.051000000000000512e+01 1.541236415393307198e+03
8.546999999999999886e+01 1.540600002033464534e+03
9.043999999999999773e+01 1.540292866593692224e+03
9.540999999999999659e+01 1.540019108684040702e+03
1.003799999999999955e+02 1.539906660990923911e+03
1.053499999999999943e+02 1.539585931394973613e+03
1.301899999999999977e+02 1.535025407209070408e+03
1.550200000000000102e+02 1.531561760347376548e+03
1.798499999999999943e+02 1.527846484567611697e+03
2.046800000000000068e+02 1.524328273943001932e+03
2.295099999999999909e+02 1.521795727242104249e+03
2.543300000000000125e+02 1.519305449665015885e+03
2.791499999999999773e+02 1.516138487324439438e+03
3.039700000000000273e+02 1.514176191639750868e+03
3.287799999999999727e+02 1.511214741949275549e+03
3.536000000000000227e+02 1.509762071101935817e+03
3.783999999999999773e+02 1.508697913318174187e+03
4.032099999999999795e+02 1.505246776151273707e+03
4.280099999999999909e+02 1.504407282934698969e+03
4.528100000000000023e+02 1.502845052521446178e+03
4.776100000000000136e+02 1.500347444876209465e+03
5.023999999999999773e+02 1.496511100780020797e+03
5.519800000000000182e+02 1.494990024935227439e+03
6.015499999999999545e+02 1.492716574388914523e+03
6.511000000000000227e+02 1.490466719626164377e+03
7.006399999999999864e+02 1.489217225404670444e+03
7.501699999999999591e+02 1.488066971250732422e+03
7.996900000000000546e+02 1.487441811369340712e+03
8.492000000000000455e+02 1.486935194705695949e+03
8.996799999999999500e+02 1.488160886533389203e+03
9.501599999999999682e+02 1.487004368879433969e+03
1.000620000000000005e+03 1.488217314270765200e+03
1.051069999999999936e+03 1.488593460621847498e+03
1.101500000000000000e+03 1.489397086467060262e+03
1.151930000000000064e+03 1.490276634034564495e+03
1.202339999999999918e+03 1.491082553864436477e+03
1.252740000000000009e+03 1.491731937872732260e+03
1.303130000000000109e+03 1.492897246537152796e+03
1.353500000000000000e+03 1.492759734616456626e+03
1.403869999999999891e+03 1.493377256899037093e+03
1.454220000000000027e+03 1.493495931778521253e+03
1.504559999999999945e+03 1.493686016355153697e+03
1.554890000000000100e+03 1.494053505643754988e+03
1.605200000000000045e+03 1.494107046693897018e+03
1.655509999999999991e+03 1.494442946883287505e+03
1.705799999999999955e+03 1.494943382604741146e+03
1.756079999999999927e+03 1.495413170150283349e+03
1.806349999999999909e+03 1.495844975569220878e+03
1.856599999999999909e+03 1.496397497842311623e+03
1.906849999999999909e+03 1.496986649772596365e+03
1.957079999999999927e+03 1.497529470060627546e+03
2.007299999999999955e+03 1.498021826116470265e+03
2.107699999999999818e+03 1.499258169552804475e+03
2.208059999999999945e+03 1.500458171810164231e+03
2.308369999999999891e+03 1.501684211638176066e+03
2.408639999999999873e+03 1.502860608253176224e+03
2.508860000000000127e+03 1.504135508291604083e+03
2.609030000000000200e+03 1.505392954936230126e+03
2.709150000000000091e+03 1.506748750145152371e+03
2.809230000000000018e+03 1.508080492883920897e+03
2.909260000000000218e+03 1.509560382079873307e+03
3.009250000000000000e+03 1.511069153131507846e+03
3.109190000000000055e+03 1.512511574290696899e+03
3.209079999999999927e+03 1.514069022011579364e+03
3.308929999999999836e+03 1.515487181897970913e+03
3.408739999999999782e+03 1.517042779244752182e+03
3.508489999999999782e+03 1.518599231774372583e+03
3.608210000000000036e+03 1.520194335863363904e+03
3.707869999999999891e+03 1.521814354656843079e+03
3.807500000000000000e+03 1.523480648601664598e+03
3.907070000000000164e+03 1.525134810015631729e+03
4.006610000000000127e+03 1.526802999027552687e+03
4.107069999999999709e+03 1.528542545314971221e+03
4.207489999999999782e+03 1.530266792143581824e+03
4.307859999999999673e+03 1.531998390482367768e+03
4.408189999999999600e+03 1.533721293320493032e+03
4.508470000000000255e+03 1.535415026098378803e+03
4.608710000000000036e+03 1.537083975862502939e+03
4.708899999999999636e+03 1.538709596365749803e+03
4.809050000000000182e+03 1.540308914884112028e+03
4.909159999999999854e+03 1.541907865985944227e+03
5.009220000000000255e+03 1.543544727253849260e+03
5.109229999999999563e+03 1.545188230591199044e+03
5.209210000000000036e+03 1.546891918862542525e+03
5.309130000000000109e+03 1.548619460670946637e+03
5.409020000000000437e+03 1.550339730523497792e+03
5.508859999999999673e+03 1.552036022005948325e+03
5.608659999999999854e+03 1.553816084080609244e+03
5.708409999999999854e+03 1.555648027510566408e+03
5.781020000000000437e+03 1.556997670468723300e+03
