#  epoch : 0
#  N : 0
#  date : 2003-06-08 00:00:00
#  Lat : 16.0998
#  Long : -58.6668
#  max depth : 5645.47
# decimated 2015-10-01 18:08:23.033839
# 
0.000000000000000000e+00 1.540508880457142595e+03
4.969999999999999751e+00 1.540588184617415209e+03
9.939999999999999503e+00 1.540677398781465399e+03
1.491000000000000014e+01 1.540760118545611249e+03
1.987999999999999901e+01 1.540865592141018851e+03
2.485000000000000142e+01 1.541231857551953681e+03
2.982000000000000028e+01 1.541361983157503573e+03
3.478999999999999915e+01 1.541421677976665478e+03
3.975999999999999801e+01 1.541428363706843584e+03
4.472999999999999687e+01 1.541423255886488278e+03
4.970000000000000284e+01 1.541253730433107648e+03
5.467000000000000171e+01 1.541072325896835537e+03
5.964000000000000057e+01 1.540987204558522762e+03
6.460999999999999943e+01 1.540862870894791968e+03
6.957999999999999829e+01 1.541159768138945765e+03
7.454000000000000625e+01 1.540995843555675719e+03
7.951000000000000512e+01 1.540638753686036353e+03
8.448000000000000398e+01 1.540347554500041042e+03
8.945000000000000284e+01 1.539613851727888687e+03
9.442000000000000171e+01 1.539159877204249597e+03
9.939000000000000057e+01 1.539272737055925063e+03
1.043499999999999943e+02 1.538837501953656329e+03
1.291899999999999977e+02 1.537620389264593769e+03
1.540300000000000011e+02 1.533616106009160831e+03
1.788600000000000136e+02 1.525517389330719880e+03
2.036899999999999977e+02 1.523371946675759091e+03
2.285200000000000102e+02 1.521201828885880104e+03
2.533400000000000034e+02 1.518767475956018416e+03
2.781600000000000250e+02 1.516637281933963095e+03
3.029800000000000182e+02 1.513067025219385187e+03
3.277900000000000205e+02 1.509158047370233817e+03
3.526000000000000227e+02 1.505635235659929322e+03
3.774100000000000250e+02 1.501368705991102388e+03
4.022200000000000273e+02 1.501683449524960906e+03
4.270199999999999818e+02 1.500991969406032240e+03
4.518199999999999932e+02 1.501947237839697664e+03
4.766200000000000045e+02 1.499479635974993698e+03
5.014100000000000250e+02 1.496834454427309083e+03
5.509900000000000091e+02 1.497043053732293856e+03
6.005499999999999545e+02 1.495126424875780458e+03
6.501100000000000136e+02 1.492050748767858067e+03
6.996499999999999773e+02 1.489583111640929928e+03
7.491799999999999500e+02 1.490356027265639568e+03
7.987000000000000455e+02 1.487316598496405732e+03
8.482100000000000364e+02 1.488124409830324339e+03
8.986900000000000546e+02 1.489331390426488042e+03
9.491699999999999591e+02 1.490210938517955583e+03
9.996299999999999955e+02 1.490682901448662960e+03
1.050079999999999927e+03 1.491041362831675997e+03
1.100509999999999991e+03 1.490981051896653980e+03
1.150940000000000055e+03 1.491876545489271166e+03
1.201349999999999909e+03 1.492554820427354798e+03
1.251750000000000000e+03 1.492596793825181521e+03
1.302140000000000100e+03 1.492661441880419716e+03
1.352519999999999982e+03 1.492771118331776279e+03
1.402880000000000109e+03 1.493057543675442275e+03
1.453230000000000018e+03 1.493219521407929051e+03
1.503569999999999936e+03 1.493388387368665462e+03
1.553900000000000091e+03 1.493744278345553312e+03
1.604220000000000027e+03 1.493981000393946260e+03
1.654519999999999982e+03 1.494312442454712937e+03
1.704809999999999945e+03 1.494779107918694763e+03
1.755089999999999918e+03 1.495208621644005689e+03
1.805359999999999900e+03 1.495681831922214769e+03
1.855619999999999891e+03 1.496308722081702854e+03
1.905859999999999900e+03 1.496963904783185171e+03
1.956089999999999918e+03 1.497512512172257175e+03
2.006309999999999945e+03 1.498181375509584541e+03
2.106719999999999800e+03 1.499319289312297315e+03
2.207079999999999927e+03 1.500624892528550845e+03
2.307389999999999873e+03 1.501741541618937390e+03
2.407659999999999854e+03 1.502885616316942105e+03
2.507880000000000109e+03 1.504030168953291422e+03
2.608050000000000182e+03 1.505364531356441830e+03
2.708170000000000073e+03 1.506660444360019710e+03
2.808250000000000000e+03 1.508053772985907699e+03
2.908280000000000200e+03 1.509431038345965590e+03
3.008269999999999982e+03 1.510811118204052264e+03
3.108210000000000036e+03 1.512280821819796529e+03
3.208110000000000127e+03 1.513866127308962177e+03
3.307960000000000036e+03 1.515477220146118043e+03
3.407760000000000218e+03 1.516946665571084395e+03
3.507519999999999982e+03 1.518549065911454136e+03
3.607230000000000018e+03 1.520146481508466650e+03
3.706900000000000091e+03 1.521792589597091364e+03
3.806519999999999982e+03 1.523432703107630232e+03
3.906099999999999909e+03 1.525128884923021360e+03
4.005630000000000109e+03 1.526822300305321505e+03
4.106100000000000364e+03 1.528522474517615365e+03
4.206520000000000437e+03 1.530240087688568565e+03
4.306890000000000327e+03 1.531968660813499810e+03
4.407220000000000255e+03 1.533666684878171964e+03
4.507500000000000000e+03 1.535316004197574784e+03
4.607739999999999782e+03 1.537014184021566052e+03
4.707930000000000291e+03 1.538641016768419831e+03
4.808079999999999927e+03 1.540146028263765629e+03
4.908189999999999600e+03 1.541612544083928469e+03
5.008250000000000000e+03 1.543188054528959128e+03
5.108270000000000437e+03 1.544853029266459089e+03
5.208239999999999782e+03 1.546579040481512038e+03
5.308170000000000073e+03 1.548360362406691820e+03
5.408050000000000182e+03 1.550122452645990052e+03
5.507890000000000327e+03 1.551931661327457505e+03
5.607689999999999600e+03 1.553726922140803936e+03
5.645470000000000255e+03 1.554430409566200979e+03
