# ssp_original : /home/psakicki/THESE/bd_CTD/NEW_DATA_2015/MOVE/MOVE_reform_1507/SIMPLE/sspdic_sensor.pik @ 2007-04-24 00:00:00
1.540488772389999895e+03
1.539059444909999911e+03
1.526696940670000004e+03
1.515941168159999961e+03
1.500221613239999897e+03
1.493854013339999938e+03
1.487541352169999982e+03
1.490618241670000089e+03
1.491793810330000042e+03
1.493550249140000005e+03
1.496996917200000098e+03
1.500582865780000020e+03
1.504585572149999962e+03
1.508730846460000066e+03
1.513240934319999951e+03
1.518269721659999959e+03
1.523275221449999890e+03
1.528727591000000075e+03
1.533644035929999973e+03
1.538385174040000038e+03
1.542621519080000098e+03
