# ssp_original : /home/psakicki/THESE/bd_CTD/NEW_DATA_2015/MOVE/MOVE_reform_1507/SIMPLE/sspdic_sensor.pik @ 2007-04-24 00:00:00
3.150000000000000000e+01
8.150000000000000000e+01
1.315999999999999943e+02
2.408000000000000114e+02
4.111000000000000227e+02
6.115000000000000000e+02
8.382999999999999545e+02
1.099000000000000000e+03
1.359599999999999909e+03
1.614599999999999909e+03
1.910400000000000091e+03
2.171000000000000000e+03
2.489000000000000000e+03
2.810400000000000091e+03
3.131000000000000000e+03
3.457300000000000182e+03
3.777900000000000091e+03
4.099199999999999818e+03
4.384199999999999818e+03
4.654300000000000182e+03
4.902500000000000000e+03
