# ssp_original : /home/psakicki/CODES/acoustyx_toolbox_2_py3//exemple/input_data_for_simulation/SSPdic/sspdic_sensor.pik @ 2009-06-23 00:00:00
1.531264147544633261e+03
1.521921235082108296e+03
1.516623302810691712e+03
1.504729233993383332e+03
1.495715998913066642e+03
1.494368927778450143e+03
1.490408323683341678e+03
1.491182663250633368e+03
1.492613864155633337e+03
1.494617781409733425e+03
1.497825813786083245e+03
1.501050638203925018e+03
1.505120252686158210e+03
1.509073129290958377e+03
1.514365345723158271e+03
1.519203104323316666e+03
1.523968618205116627e+03
1.529226142216883318e+03
1.533945077865291751e+03
1.538761192417616712e+03
1.542657237923533330e+03
