# ssp_original : /home/psakicki/CODES/acoustyx_toolbox_2_py3//exemple/input_data_for_simulation/SSPdic/sspdic_sensor.pik @ 2009-06-23 00:00:00
4.100000000000000000e+01
9.100000000000000000e+01
1.410000000000000000e+02
2.500000000000000000e+02
4.210000000000000000e+02
6.210000000000000000e+02
8.490000000000000000e+02
1.110000000000000000e+03
1.371000000000000000e+03
1.627000000000000000e+03
1.923000000000000000e+03
2.183000000000000000e+03
2.503000000000000000e+03
2.762000000000000000e+03
3.145000000000000000e+03
3.471000000000000000e+03
3.792000000000000000e+03
4.109000000000000000e+03
4.384000000000000000e+03
4.667000000000000000e+03
4.902000000000000000e+03
